Top 50 pages by page rank

WT21-B37-76 : 0.002694474415548867
WT21-B37-75 : 0.0015331790999983828
WT25-B39-116 : 0.001468501416325851
WT23-B21-53 : 0.0013735249384257504
WT24-B26-10 : 0.0012761567441301903
WT24-B40-171 : 0.0012452932176087918
WT23-B39-340 : 0.0012429131583240455
WT23-B37-134 : 0.0012054214112259746
WT08-B18-400 : 0.0011447772878379456
WT13-B06-284 : 0.001136558005311969
WT13-B06-273 : 0.0010549245722371978
WT01-B18-225 : 9.553819646804287E-4
WT04-B27-720 : 9.409643880874174E-4
WT24-B26-46 : 8.622382200878574E-4
WT23-B19-156 : 8.250707097264765E-4
WT04-B30-12 : 8.166232564417752E-4
WT25-B15-307 : 7.972235352502725E-4
WT07-B18-256 : 7.750374173618515E-4
WT24-B40-167 : 7.076287336773994E-4
WT14-B03-220 : 6.988859665464131E-4
WT18-B31-240 : 6.942257611768176E-4
WT14-B03-227 : 6.853161902725065E-4
WT04-B40-202 : 6.846808587291402E-4
WT08-B19-222 : 6.495325679505457E-4
WT23-B20-363 : 6.39636012216145E-4
WT27-B28-203 : 6.270797188364831E-4
WT13-B39-295 : 6.215375109129485E-4
WT13-B15-160 : 6.198585719576394E-4
WT12-B30-56 : 6.024553556203993E-4
WT10-B02-288 : 5.844494037854876E-4
WT14-B36-337 : 5.617073225026697E-4
WT21-B40-37 : 5.471879888092865E-4
WT21-B35-155 : 5.456969794965165E-4
WT23-B01-40 : 5.408521292800614E-4
WT08-B08-60 : 5.361223089507845E-4
WT22-B38-403 : 5.335787862506783E-4
WT13-B39-321 : 5.328954548184732E-4
WT04-B22-268 : 5.328641182354172E-4
WT14-B02-400 : 5.328037061426279E-4
WT18-B14-66 : 5.295595740149677E-4
WT06-B14-69 : 5.191619761151717E-4
WT23-B38-120 : 5.186941409833839E-4
WT06-B35-151 : 5.169281255289422E-4
WT10-B33-300 : 5.16773966596673E-4
WT14-B36-334 : 5.158618622725204E-4
WT14-B36-336 : 5.158618622725204E-4
WT14-B36-335 : 5.158618622725204E-4
WT14-B36-323 : 5.158618622725204E-4
WT06-B35-161 : 5.15022164175946E-4
WT27-B20-494 : 5.144808704517471E-4