Top 10 links by In link count:

WT21-B37-76 : 2568
WT21-B37-75 : 1704
WT01-B18-225 : 1137
WT08-B19-222 : 1041
WT08-B18-400 : 990
WT21-B40-447 : 779
WT27-B34-57 : 630
WT27-B32-30 : 628
WT25-B15-307 : 605
WT27-B28-203 : 589

Top 10 links by page Page rank: 

WT21-B37-76 : 0.002694474415548867
WT21-B37-75 : 0.0015331790999983828
WT25-B39-116 : 0.001468501416325851
WT23-B21-53 : 0.0013735249384257504
WT24-B26-10 : 0.0012761567441301903
WT24-B40-171 : 0.0012452932176087918s
WT23-B39-340 : 0.0012429131583240455
WT23-B37-134 : 0.0012054214112259746
WT08-B18-400 : 0.0011447772878379456
WT13-B06-284 : 0.001136558005311969
